0.00
-0.86
-0.85
-0.86
-0.86
-0.86
-0.88
-0.89
-0.86
-0.86
-0.86
-0.87
-0.87
-0.86
-0.88
-0.86
-0.85
-0.89
-0.85
-0.87
-0.87
-0.87
-0.89
-0.84
-0.87
-0.85
-0.84
-0.87
-0.87
-0.88
-0.88
-0.86
-0.88
-0.86
-0.88
-0.89
-0.86
-0.86
-0.86
-0.90
-0.86
-0.86
-0.91
-0.85
-0.87
-0.88
-0.90
-0.87
-0.86
-0.86
-0.86
-0.85
-0.85
-0.86
-0.88
-0.87
-0.86
-0.87
-0.88
-0.86
-0.88
-0.85
-0.88
-0.86
-0.85
-0.86
-0.86
-0.84
-0.85
-0.85
-0.85
-0.86
-0.85
-0.87
-0.85
-0.88
-0.85
-0.85
-0.85
-0.85
-0.87
-0.86
-0.86
-0.89
-0.90
-0.86
-0.90
-0.85
-0.89
-0.86
-0.84
-0.85
-0.89
-0.86
-0.87
-0.85
-0.87
-0.85
-0.87
-0.89
-0.89
-0.88
-0.86
-0.85
-0.87
-0.86
-0.89
-0.88
-0.88
-0.87
-0.88
-0.86
-0.85
-0.85
-0.87
-0.89
-0.85
-0.88
-0.84
-0.86
-0.90
-0.86
-0.86
-0.87
-0.87
-0.88
-0.89
-0.85
-0.86
-0.84
-0.90
-0.89
-0.90
-0.87
-0.87
-0.86
-0.88
-0.84
-0.88
-0.86
-0.87
-0.87
-0.90
-0.84
-0.86
-0.89
-0.86
-0.89
-0.86
-0.86
-0.87
-0.86
-0.87
-0.88
-0.86
-0.89
-0.89
-0.86
-0.86
-0.90
-0.85
-0.89
-0.88
-0.86
-0.86
-0.86
-0.87
-0.87
-0.89
-0.86
-0.87
-0.88
-0.90
-0.87
-0.84
-0.86
-0.85
-0.87
-0.86
-0.86
-0.87
-0.85
-0.86
-0.85
-0.87
-0.89
-0.87
-0.86
-0.85
-0.85
-0.88
-0.88
-0.85
-0.87
-0.87
-0.86
-0.86
-0.85
-0.87
-0.88
-0.87
-0.85
-0.86
-0.88
-0.87
-0.87
-0.86
-0.83
-0.86
-0.87
-0.86
-0.85
-0.86
-0.86
-0.87
-0.86
-0.86
-0.91
-0.86
-0.86
-0.89
-0.86
-0.85
-0.86
-0.87
-0.88
-0.85
-0.87
-0.86
-0.86
-0.87
-0.86
-0.86
-0.86
-0.86
-0.86
-0.86
-0.87
-0.86
-0.90
-0.86
-0.86
-0.86
-0.90
-0.88
-0.86
-0.84
-0.86
-0.87
-0.87
-0.84
-0.89
-0.87
-0.87
-0.91
-0.86
-0.86
-0.86
-0.86
-0.86
-0.87
-0.88
-0.87
-0.88
-0.86
-0.86
-0.86
-0.86
-0.87
-0.87
-0.88
-0.87
-0.88
-0.88
-0.86
-0.87
-0.86
-0.85
-0.87
-0.86
-0.88
-0.86
-0.86
-0.85
-0.86
-0.89
-0.87
-0.86
-0.87
-0.86
-0.87
-0.86
-0.86
-0.86
-0.85
-0.90
-0.88
-0.84
-0.88
-0.88
-0.87
-0.85
-0.85
-0.86
-0.84
-0.87
-0.88
-0.85
-0.88
-0.87
-0.87
-0.85
-0.85
-0.89
-0.85
-0.86
-0.89
-0.85
-0.86
-0.86
-0.89
-0.90
-0.85
-0.87
-0.87
-0.86
-0.86
-0.87
-0.88
-0.87
-0.89
-0.87
-0.89
-0.86
-0.85
-0.88
-0.88
-0.88
-0.84
-0.86
-0.88
-0.87
-0.85
-0.85
-0.89
-0.87
-0.86
-0.88
-0.86
-0.88
-0.87
-0.86
-0.85
-0.86
-0.84
-0.86
-0.86
-0.87
-0.88
-0.88
-0.87
-0.87
-0.86
-0.85
-0.87
-0.82
-0.86
-0.89
-0.88
-0.90
-0.86
-0.86
-0.86
-0.85
-0.89
-0.85
-0.89
-0.86
-0.87
-0.88
-0.85
-0.86
-0.87
-0.86
-0.86
-0.86
-0.86
-0.85
-0.88
-0.89
-0.84
-0.91
-0.85
-0.85
-0.81
-0.87
-0.86
-0.89
-0.87
-0.86
-0.87
-0.86
-0.90
-0.88
-0.86
-0.87
-0.88
-0.86
-0.89
-0.85
-0.86
-0.85
-0.88
-0.84
-0.90
-0.85
-0.86
-0.87
-0.90
-0.86
-0.86
-0.86
-0.86
-0.85
-0.87
-0.86
-0.89
-0.84
-0.89
-0.87
-0.83
-0.86
-0.85
-0.85
-0.84
-0.86
-0.87
-0.86
-0.87
-0.87
-0.87
-0.87
-0.78
-0.86
-0.87
-0.88
-0.85
-0.87
-0.87
-0.89
-0.88
-0.85
-0.86
-0.87
-0.88
-0.88
-0.89
-0.86
-0.80
-0.86
-0.85
-0.88
-0.86
-0.84
-0.90
-0.86
-0.88
-0.89
-0.87
-0.86
-0.86
-0.87
-0.87
-0.86
-0.86
-0.85
-0.90
-0.89
-0.85
-0.85
-0.83
-0.89
-0.87
-0.89
-0.83
-0.88
-0.83
-0.85
-0.88
-0.86
-0.86
-0.85
-0.86
-0.93
-0.87
-0.87
-0.92
-0.87
-0.88
-0.89
-0.89
